5198
1695
6699
2667
7472
1298
9152
1278
5155
3268
8622
3416
5903
1113
6130
9683
419
1359
7341
7102
7214
8730
6427
3609
1570
689
7257
4386
9905
8164
2025
3954
9448
2504
2346
6542
7174
2642
8623
2507
7345
6732
5983
4133
9752
7761
8834
1617
2942
9183
3977
5688
3665
190
236
5790
8168
7795
964
1666
993
9119
5392
9900
9811
3520
9687
3898
8574
1437
3284
8345
415
9663
3864
3202
2605
6588
8250
112
8404
2932
8658
1565
1569
679
5910
5815
3699
7496
1263
5454
2816
2177
2366
616
530
1851
8453
7679
8158
5813
4108
9173
4872
5545
3908
924
5260
2755
441
9971
5593
8794
3255
7626
4062
6851
8916
8472
7830
8419
8266
4527
2085
1671
3195
5278
1244
412
8013
4177
8547
4818
5187
3669
578
1071
6681
932
1109
8804
9806
8303
7358
3164
7270
7314
5369
9474
6013
6454
6931
2796
8843
7794
8142
9583
538
7815
4161
1775
4887
3274
609
3332
3506
2131
8476
3996
3080
2118
1991
4829
9562
612
4099
9676
7175
4287
5235
5634
6430
3750
6825
1970
3538
2280
2587
6084
3875
1479
343
2254
6052
2367
8241
2092
7069
4997
6853
2777
136
6476
5282
9081
498
8265
5926
5130
7358
3807
9375
8035
8685
7638
6220
9440
9486
9221
669
8875
8733
9106
5777
8550
9313
8860
859
7687
3362
2926
1183
5767
9299
8400
1764
7975
9941
1838
9075
1924
2501
8252
8127
7425
5112
6636
4488
9541
4257
9808
6591
2278
2817
3961
9907
2694
5653
7491
8211
3546
7365
6601
5702
4195
9179
7728
3303
8178
3967
6797
7880
4430
6951
5955
3893
8773
8219
1620
3553
7228
2026
7669
215
7939
4596
3832
7821
5039
1518
1908
1216
7278
6816
2734
4956
5535
1344
3932
3475
8271
319
634
4769
528
5062
4034
3966
9828
8171
1419
8427
2652
4102
400
8049
5497
7191
8704
5002
5083
3730
6699
1013
1430
7230
3898
9526
2217
5563
5239
8843
1376
135
4616
6563
7407
8123
3472
3506
1049
6008
6672
3872
7702
5263
1852
92
1470
1500
8184
8249
9947
6332
5632
5972
771
2705
2425
3936
3194
9995
1843
9638
5830
2978
9947
4834
8776
2665
8443
8434
6120
5833
4178
8319
6847
6661
7983
9734
80
8000
1783
981
4395
2005
7168
5618
939
1071
6867
2625
1661
297
7677
2443
7808
2748
8714
7506
8663
659
649
3438
9387
8786
6612
7291
8948
7429
5233
9971
821
2090
4942
2155
6593
5018
3309
9737
7450
5233
6149
9081
2007
4804
3964
9116
8898
2570
8166
2787
6653
8387
3915
7334
4676
3686
6469
9181
6200
3085
6812
3728
8085
8036
7886
7930
8953
8987
9255
1725
1495
6911
4310
6891
3004
1573
3580
5636
6238
1502
404
3761
6798
2854
1734
3946
7493
1466
6815
7271
3117
987
7105
5046
1431
1282
3721
1139
3321
7803
3748
9181
9155
4607
8905
8158
8966
683
2557
5010
7465
2564
5200
9855
1277
8209
2958
8450
4732
2358
7319
270
2937
516
6638
8567
3518
8992
3216
4949
2312
2800
7933
5194
6553
7704
2440
8137
7130
8640
1060
6148
1150
4465
9894
6060
771
9317
8179
4424
9998
2412
2942
3871
4320
6168
7200
5059
2116
8808
5654
3893
7437
6255
7760
5529
6506
7162
7306
8981
1439
6712
1753
4760
8212
6582
7006
2862
1087
6609
5837
9322
499
6012
8383
647
3224
6139
6847
5466
8740
6582
7137
1081
7663
9620
5696
7409
6298
4026
2030
4211
9434
1706
2926
9343
2548
4044
4341
3514
2859
222
7532
3283
4971
4998
8657
6484
9868
6816
9417
3980
9775
7072
5866
9813
8881
298
7645
4532
7007
5627
7682
922
649
41
1464
5628
5763
3688
3144
6302
3637
988
9329
1509
6683
6717
9532
8392
1049
7213
5821
2167
1271
6769
7708
1823
90
4992
9654
2450
5023
5786
3840
6321
8990
1739
1280
5262
6556
3431
3536
3577
601
9089
2656
5609
1186
6748
7465
8988
5585
3783
4032
6858
506
3764
1443
1830
6135
8170
1597
2449
641
1946
3500
839
5915
2338
2093
3458
1480
1766
119
4052
8681
9378
1556
8534
7077
561
2865
9692
3358
247
553
6755
4228
9443
6760
345
5717
334
6039
7331
7020
1156
9429
7625
9282
2429
1794
7117
2824
7360
9366
7369
8148
1800
9598
714
5242
962
2062
9801
9059
1437
5227
3124
9885
6251
5952
7337
5194
9063
7927
2399
3475
9600
2282
6857
7697
1128
2436
7506
7308
6429
5555
1721
3385
7471
990
2839
8171
9547
3574
4340
8129
2452
9060
6035
6086
5951
7043
340
9574
7307
7607
6684
3851
9649
4863
7711
7911
6172
982
2517
1478
3548
4791
2142
8357
405
57
264
4892
352
516
2348
9330
269
8023
2899
2244
2770
4977
5040
1702
2824
7530
6589
9529
8996
822
4670
2206
4369
7883
8437
7357
6901
653
2311
4775
1145
5913
6953
3446
675
2504
4532
1845
5933
5523
4468
8035
8941
1776
38
5439
8948
2844
9652
5514
7915
7104
1855
9972
9148
6237
589
5650
5667
8607
4864
6513
5086
9505
9954
5234
3700
241
1867
6277
9142
8950
9590
3244
8510
2841
5181
4648
2914
1189
5135
1980
6934
9029
481
7146
8513
2840
6671
4324
729
37
2039
3370
7631
5963
4811
5048
4959
5744
4702
1237
4804
9906
5236
9571
8923
5708
980
3867
6057
9333
4874
7123
4984
1979
7019
5342
2066
6847
8345
4915
5999
1588
9509
1800
4982
6082
6592
3079
5266
9342
4814
6785
7568
3142
1644
4326
3491
2258
5730
2202
5280
8597
5774
5722
4283
2748
1848
2828
8334
3966
7314
9596
4793
6827
5910
4479
3400
7475
7786
8130
6256
9626
2030
8151
6872
981
1989
9698
8792
6774
1628
8118
6610
9003
6928
9548
8918
8119
5032
9796
5212
2089
8468
594
8026
3803
6902
8687
97
6344
6990
2769
3365
236
5797
2384
4760
1023
7856
2209
365
1819
8284
8148
9276
5460
6190
2474
7484
7951
9947
3316
4914
8349
769
195
2123
4352
9098
9539
9241
9443
8342
3863
6893
2323
8213
1827
1793
1545
7127
9263
2578
4390
4535
9326
5440
9224
9329
4328
3964
642
6136
495
5768
1743
9315
1146
8958
6547
1097
8921
2273
804
7070
7035
7755
4435
9077
6419
786
9346
5897
7652
5763
7346
2068
8225
5430
8445
1146
5928
6954
8721
869
2748
9514
5629
1714
5324
5468
1588
5148
5791
6136
363
5411
7125
7301
8035
2927
2434
1861
2398
4657
7289
9322
340
4178
2003
7738
7418
840
7290
7600
489
3039
5420
6300
4928
872
6078
2994
3859
857
2505
4966
2541
8313
566
1121
6385
7259
2877
8231
5774
687
1856
8764
9491
363
6041
9070
9090
5236
3966
545
3657
8894
5947
3537
9589
5299
9985
8515
6745
1253
5481
7763
901
7974
2409
9301
7817
8110
1923
6537
5364
9727
405
8467
6825
5703
2024
6206
9321
2063
7928
9562
5844
2071
2021
5409
5192
9972
2760
4524
8829
6484
5659
8725
24
8837
3514
3438
294
69
8601
1082
688
8230
6293
26
896
4956
1328
6930
548
889
7908
6099
3529
7221
2521
4091
6107
1158
8687
8793
4256
7807
4138
2377
8498
5341
2790
3221
5105
3399
6277
1681
31
8368
8313
5520
2480
6137
2547
9271
411
1100
6770
2740
399
3901
8060
1670
3928
5028
1613
8825
9007
2936
347
1349
8952
1922
4484
293
9714
8544
4979
492
561
6293
4036
5597
6899
5309
5552
6477
4668
1035
405
2781
8346
693
7496
9474
2762
5878
8891
8498
4650
1426
5491
3365
3414
1232
5289
2333
2531
8196
3111
2044
349
8101
5936
1398
5052
6635
7968
4887
9015
1691
5584
9863
6183
7456
3727
5267
9392
158
4504
8755
4200
994
7458
220
4927
6113
2339
2889
407
5718
8550
7911
3643
3754
1549
793
7109
3458
2968
744
3322
9476
8413
1850
2068
958
9963
3791
5326
893
8970
6854
1402
2449
8466
6280
3225
7380
4572
1390
7924
165
8216
1263
1056
3048
5102
1443
4033
9553
7952
1158
7822
3566
9831
9242
8054
9149
5987
666
8797
9727
5335
2456
8777
4874
8708
293
4912
8051
2698
8391
2594
5847
8247
6810
4814
2249
4621
1666
1993
1756
6416
7868
5498
3366
9166
2077
1897
9108
1839
8592
7929
5905
3053
7105
5227
9954
5765
8539
8062
1278
4534
5523
928
561
3505
7423
3457
7582
5646
8631
8561
5294
9466
9256
3781
5727
3569
6041
4905
6787
6747
2847
9855
440
8927
3413
1232
9948
2484
5427
8899
5394
5763
7256
1792
3465
1159
4960
8216
6173
9402
7795
5748
2253
495
5498
8649
1119
8338
4495
2976
5858
5119
1978
1358
8799
2512
6861
6491
2977
6747
1584
7247
1041
2589
1443
6119
5689
4326
6004
5618
8379
7692
3478
7339
4153
3126
324
9371
3540
3396
2854
6799
6518
2813
4418
9099
9846
863
9021
4532
7635
7811
2752
2803
6555
4226
5066
8341
1524
9599
5571
3
4325
539
8486
230
8584
8062
5456
4144
7419
22
402
5160
7958
4289
8832
7326
6700
2244
1357
2675
4938
6556
8422
2553
7979
2618
4100
8550
5020
9638
480
2431
593
7017
3765
9975
8273
9725
2304
422
8323
93
627
2820
1075
1385
5649
5443
5010
6959
6808
7312
6845
9926
2791
7290
8748
7083
340
9394
3254
6241
2317
5532
5777
3307
612
887
7582
4270
1134
7585
8735
5708
4335
8633
3423
5331
3561
6889
1447
9943
1613
5953
6176
3750
9302
8419
2399
6701
2107
7908
1614
5007
484
5168
9119
6872
5534
2782
5538
3920
8787
8945
5853
9371
2894
5173
8047
4198
3900
7011
567
3002
6532
6811
8815
2829
2094
60
9960
2224
5470
2537
2424
4182
3702
6413
2424
5847
427
9862
485
7344
2979
2521
4236
1394
7861
4993
2936
4707
2366
4233
497
4439
4645
8740
867
7800
7251
3403
8348
3140
6065
911
6584
9585
5213
9361
9514
6016
727
3123
6168
5532
6765
7322
671
6293
8790
3488
9576
678
6321
1993
3802
4561
6179
9369
2023
945
634
1685
170
3449
5431
5070
5824
7417
4045
920
835
2099
3213
6296
282
7426
8561
8318
1150
5788
3505
5616
7436
5645
9571
6693
4316
1280
9236
9337
5150
3592
4746
1214
1167
891
3082
4320
2113
8264
3049
3377
4809
7572
6784
107
5237
7942
6257
524
5848
3075
6766
6690
7236
2784
272
2570
7875
1990
2835
6808
8312
7153
5875
9311
7625
2453
9702
5066
872
2160
9916
7611
2255
7915
5239
124
1481
7614
6469
9905
6646
8386
49
741
1582
7628
4744
6280
6465
5863
3180
3823
1509
8974
8921
2354
905
29
9477
6569
8473
5518
5880
4711
4070
1308
8418
7945
4821
4861
5325
5114
8045
5664
7077
3759
9951
887
3461
8879
4072
2631
6846
6901
1898
7865
6918
9900
1146
6497
1067
8784
9320
253
36
6243
1968
6965
6988
6024
1912
5281
9874
7559
9912
6396
7036
6187
3026
7839
7104
6890
6694
2084
2313
7107
626
9316
1306
6845
260
247
8745
1003
8950
4570
4906
3257
4647
8275
4225
8497
7360
4421
9956
8701
5368
9308
2594
8220
3136
1456
6707
7931
7426
6535
7353
8012
3995
3368
2930
8679
2121
2714
7589
5024
6083
7886
5832
6002
6275
6603
2181
4678
1109
4133
9370
603
9546
3005
4617
1558
5695
2172
639
6249
4434
987
6553
2424
8363
4343
6337
9189
3382
320
5800
7903
5414
9393
7681
8404
6179
9740
9545
1749
9823
5507
3215
4304
7196
7305
8961
3086
4770
5297
244
7249
1596
2200
5330
8997
8219
5503
7912
5061
4803
850
4398
6620
8409
3383
4774
8694
2668
4858
5918
8595
9613
935
153
5884
7441
8904
4647
6820
7183
8388
1574
9690
9596
2013
9866
5124
298
5788
1931
9421
2537
7344
4097
7432
2232
1220
2350
4555
1378
3377
2686
7725
8429
2291
4806
5983
5723
4285
4095
2781
3937
8880
7237
8922
8338
5221
6307
60
3020
2183
9595
152
9086
5034
7677
5729
525
1423
5904
6469
9625
4694
5944
9999
6934
1308
9547
9640
5777
5970
6344
5598
3290
8322
1998
4515
2455
6311
3593
5215
4844
1290
6721
7211
1938
8521
921
3128
9247
3353
3717
7721
3416
4985
9623
8962
7541
8789
584
1831
7002
6503
5335
4643
7234
9193
7455
9415
2336
4351
5629
375
7370
3393
5272
724
2168
2568
5512
6659
7048
5580
9147
9969
4035
9763
3022
594
9437
2396
7617
4754
3382
826
5994
5530
2352
4130
6102
8110
8602
8477
4246
1544
628
3136
3442
9460
2594
9276
214
7726
7783
8887
9399
3794
9780
8683
2761
5468
2587
2523
6590
5758
4739
6499
4722
8325
4186
3210
5649
1331
6673
9515
4340
2036
6116
7236
4181
3491
377
1716
9607
4340
6001
1844
9337
1751
8046
2911
4048
5684
9106
2075
162
477
486
1932
6041
4869
3250
8931
6610
1771
4696
2674
1609
5864
4554
100
7425
5417
2885
840
2104
3514
1926
9602
1822
7601
3789
2873
469
9021
943
2076
2134
4354
396
5730
2705
4253
1163
2597
665
6269
8504
5452
5776
3588
9094
4861
8329
1948
4479
4758
3798
4674
6615
2743
1007
2707
9840
5023
7965
6369
1543
7393
7475
4618
3741
1885
533
5886
335
389
5812
2046
9932
4141
5862
6998
1253
2133
4582
5388
2861
9257
6371
1660
2995
2128
5570
9341
8209
5120
8172
5403
4663
7606
2845
271
6286
3253
1328
5746
2034
3364
8
1692
6900
4075
8175
4474
541
5644
2932
6833
6953
4408
3468
4590
4533
2895
6244
9342
5070
131
4279
1247
8400
3277
5766
6417
2462
5628
8203
6378
3776
5519
7755
7789
1133
9048
8853
9391
2324
8776
4211
9217
8902
9766
2629
7602
3547
7912
1441
8798
3800
7679
9091
9064
4930
4028
6710
2049
3037
1964
7771
6189
5393
9985
1592
827
7486
3780
5203
4705
3564
8072
4683
2329
1952
470
563
7390
8169
2036
847
3367
5566
1050
817
4012
8230
9035
75
7893
8068
261
5556
8275
2606
920
7918
9502
7077
945
578
2806
5185
6412
6776
9939
4006
447
5609
7142
5420
8900
5950
6040
2378
1571
7948
172
5915
214
408
7098
2387
3386
8454
9283
1344
6488
7139
1189
2520
5775
5892
2947
8336
8276
7931
2432
3587
3153
7950
549
7701
4231
1891
9878
4524
8749
631
5405
7768
2497
9606
2565
4467
8488
3315
7484
1333
9264
8380
8915
5021
2740
2407
665
9466
4021
5302
5803
4356
63
9447
8020
6376
5292
237
340
4808
3425
9078
7926
9258
7883
5632
2676
9986
6892
5887
8335
202
9824
7725
5319
1805
2363
7594
4678
4283
9505
5520
5131
617
1182
3244
9329
6955
1722
7797
1677
3078
7884
8384
8510
5294
138
8875
726
465
896
2152
9801
5575
2652
7742
3363
9860
5327
5923
7863
3571
7908
7317
4977
2489
1207
5974
2004
2394
4588
296
5357
126
7027
6162
5133
6041
6203
6497
6970
2698
2602
669
2370
7677
5523
1652
5699
2333
79
6393
4444
96
4350
4236
468
6418
6435
7933
5721
1978
5091
6492
9331
5700
9764
2357
8122
4605
4615
2439
2476
4754
2166
3800
7595
5059
6306
4441
6780
2898
6320
5242
9528
9822
3542
1667
7108
9941
6114
3209
8924
2447
2987
5010
98
1876
830
9759
4176
6079
8767
8540
43
3048
7418
1937
9680
574
1132
9712
8171
8662
4241
677
4593
3140
9675
4031
7095
6545
9429
6476
9313
9156
2987
9569
337
1528
7840
4054
385
5804
3155
4353
3879
2328
5901
2774
5168
7699
9119
537
1748
7605
4497
2859
4757
4917
4499
8551
954
8736
4911
2821
6739
8214
2370
7441
4619
339
8018
5408
8980
5798
3704
4741
817
4199
5407
222
8880
4392
245
2276
6479
9494
5032
7444
5998
8026
1622
6005
3928
9719
8787
875
964
6979
3535
7540
6520
8223
2671
2263
1917
7624
5774
2723
6372
9676
7944
5767
8794
5528
2777
9628
1781
1160
5168
1939
4676
9907
6078
263
6157
7080
6748
9176
1833
3352
115
1622
9146
3989
6803
8844
6351
5854
7395
2312
9567
6820
9112
44
3585
6742
3382
352
5105
5885
5879
3739
5413
1287
9524
4855
1786
4108
9430
2465
4961
3497
8966
9018
523
5090
8823
6990
6012
2054
6386
1484
5738
6053
9287
1100
2794
7376
9815
6907
9003
4556
4169
7201
6057
1947
556
7717
4374
1503
8372
2161
8165
5587
4741
7014
3934
9449
5883
3263
8692
2677
2276
6735
257
2877
8611
4866
474
6218
572
2577
9401
8625
4237
7053
4722
7454
6360
9413
9338
9689
2657
309
150
8192
3561
8336
8093
7839
6604
8693
8365
7442
2528
2998
9453
6159
8939
1346
4017
3718
7611
4565
7870
9930
3643
4369
4366
4040
769
4945
9729
9863
2454
2553
3315
6619
3777
9764
8368
7480
5652
3369
4279
4826
7207
9371
9404
7513
3446
1483
6982
2590
5572
194
2833
9790
2688
9727
7237
9562
3090
3924
4509
6427
4402
8234
7760
2030
4424
8054
1278
6104
3318
2911
364
1940
2826
1078
4633
9298
7373
2913
5412
9424
4767
8719
8883
2847
374
1919
6008
8609
6321
4459
5305
8467
595
308
2631
6115
1272
8361
9943
6458
9112
7179
533
4782
8467
226
6764
7873
7208
8651
2967
1636
7013
890
2216
6684
2987
9493
3628
5048
1040
3505
1808
2765
5688
2729
2787
9203
3922
578
2239
2863
8106
7368
7615
5313
806
2469
1135
3072
4395
9964
6629
3115
7672
6747
4274
1824
2402
19
7536
1870
7123
3099
4747
2108
5493
5756
8858
4979
590
6098
8915
1749
515
6079
3837
8149
4475
7676
8646
8304
8158
843
9498
4045
5552
9066
2408
5088
1248
6176
9524
5251
8913
5293
1713
5815
6485
4425
6310
8209
5331
4130
6485
2146
5707
7747
4513
8354
5344
719
2173
65
361
5484
9206
1413
6868
8899
9008
928
3313
3285
5399
463
6553
4607
306
9999
99
1989
4531
9652
804
3292
3222
6618
7324
9710
7303
8586
7038
5178
6616
8630
3510
8618
7502
5222
9786
3647
9398
1546
8625
6990
2617
3370
9498
9263
4648
6658
2591
8978
4996
1446
6394
8354
2207
1689
3116
7679
2580
8832
4195
9224
1662
3333
5210
4041
712
7128
8510
1923
6591
9251
1148
298
5896
353
8582
10
5576
5507
4613
2437
8942
9532
9818
7234
8502
1875
2358
5634
8298
6860
9628
1136
9071
7317
4336
4061
6496
5215
9739
1600
70
9936
1206
6544
4976
9065
5184
7025
5092
6691
692
8112
7203
9948
7924
3619
7902
8308
3605
8496
776
6149
2315
6797
6895
3030
9133
4009
5792
7139
8595
73
7686
4821
5960
9507
9845
7730
7519
1657
7094
6376
6327
1149
8956
667
5885
5910
1776
2086
9401
1309
8275
7459
4649
3255
309
8068
3879
2322
9055
697
5937
854
3524
8350
1744
5635
7466
9432
8595
6006
9907
1435
5692
3711
1856
9902
918
2297
1044
126
9908
4429
6345
7260
5117
701
7386
321
9160
6552
6330
1203
2034
66
8669
2054
7148
634
6585
9403
161
3346
3999
5222
9699
7301
4435
5322
3574
3833
2151
4152
7083
7367
1390
600
3156
88
2710
1492
4472
9339
9475
8077
5900
5203
5734
5522
9948
8829
9910
6326
4955
4119
7695
2897
7219
3324
2071
416
9116
5204
3310
234
2857
7155
599
1209
7131
737
5374
2663
624
2105
6778
5593
1722
9133
4877
4870
1736
6448
6605
1728
2222
3031
2874
1480
9836
2108
4672
7664
6271
1548
624
6559
3618
3026
4925
1640
2360
7491
6858
7239
985
8926
6885
7100
7517
5962
6919
6511
5632
5677
5520
8641
6107
7276
5722
8141
4823
7940
1102
8565
7414
1721
268
8300
8465
3939
2333
4245
2563
5976
6217
3036
5063
7448
3379
9982
532
5143
2803
4455
8469
3078
9784
6773
7001
2407
6048
6117
9549
5483
9116
5005
5151
9630
3519
5608
571
160
5715
8300
2664
1855
9924
7560
4152
717
8476
4689
8342
6268
5254
8031
3298
5155
8178
390
383
3617
5285
1644
3276
7174
7355
1123
8855
4388
3798
1763
3766
455
5264
588
2349
7719
7811
5657
1214
1465
944
3677
5336
7899
9140
5296
7149
6606
5178
6488
8557
6059
8616
2146
633
7631
2503
2748
9043
3631
2054
7518
9519
1193
5414
2078
6457
8585
7761
4230
4735
8523
7209
967
2225
9352
2205
6729
7540
961
7233
6247
799
2652
9152
4064
5238
3875
7241
9208
9752
9938
5547
2789
9784
5768
9958
7384
5577
2141
289
6213
2278
4329
4431
7743
4726
5628
6026
6290
6632
3845
575
633
5050
5064
6369
1022
5661
6605
3933
6116
7013
6891
6707
2401
495
739
3722
9331
1293
4782
3668
5993
9356
5266
3027
4120
3327
4637
5285
9819
3402
9788
1798
8492
8815
1702
5391
2669
5995
2431
6589
6231
8750
8327
538
6774
5689
3599
660
9248
2469
4987
4132
5330
6280
6715
5120
8798
2863
2828
3545
7610
10
3892
5152
6128
3861
4071
463
8168
9490
7881
2699
1886
3202
6104
8670
7357
6139
1281
1053
2459
2954
4388
6066
1414
8188
7264
1209
4960
5879
2714
7909
9658
116
8330
4701
2674
8518
5015
8232
6230
1004
7486
2614
3220
3989
6555
7781
6106
2058
3346
9116
7782
19
8623
932
2734
6049
3471
4071
9837
9092
3732
9630
7303
1719
1044
7292
5336
9966
7478
3554
8754
7727
7627
4264
4250
5790
6438
1890
4856
3746
5417
5708
9943
1163
5684
4431
7233
8462
161
2038
9866
493
6536
8595
508
3073
729
421
2081
1559
906
7480
7176
5092
8191
8593
2316
2914
9461
9262
9249
5537
8671
8151
2835
1730
2348
7715
2185
8640
2098
4414
1784
5438
4151
1717
1557
6536
4244
6591
3658
6875
9847
3684
5541
4727
2868
2427
3881
1763
9522
4391
8315
5279
4619
5338
1949
1388
4479
4172
9732
5583
206
7761
3381
1570
7789
9084
395
2964
4541
8595
6276
4014
7151
5362
8198
9379
1530
1384
7644
9908
9443
4190
7805
8045
82
3883
5220
2743
6658
3212
7294
9385
3228
4180
7439
1904
2083
7735
132
6624
8162
3127
100
100
7965
3933
4353
7905
6381
6798
9263
659
4256
5259
5212
6872
3049
9011
400
5811
2567
1886
5424
5514
1941
5403
5457
7946
5925
7600
2221
815
2910
2021
3672
5071
6899
4782
2757
4202
9789
496
6214
2598
627
2304
2734
6994
605
6082
5600
6719
9623
1678
583
7139
3252
6673
446
3961
3097
650
5943
9150
7414
3206
7455
9746
4847
8489
2976
3783
7875
3227
275
5566
5484
2981
5512
7535
2925
6008
3996
579
5794
6091
6112
430
3152
3344
2399
1973
9907
6321
2103
3002
7961
5833
2758
1310
2710
1286
9989
7106
7597
2306
7794
5730
8623
5458
4983
5275
4602
9347
503
6404
1564
7120
8245
2476
5114
9481
9425
8434
8991
9377
846
8500
4498
8927
5512
8652
5776
5588
3576
9802
6371
616
9499
7009
7676
8870
7385
6699
7861
5901
4742
7144
2849
8594
8815
9263
9009
3159
8508
4866
3580
3835
6984
2017
4803
682
9189
6630
5571
6860
810
7858
4839
6174
3560
8861
8668
2447
3721
7993
5653
4912
3087
9372
5079
6435
9598
5346
7198
3528
8729
3418
2243
5264
8098
1494
7222
5790
7726
2487
7043
866
6283
8873
9723
7987
3529
106
994
2844
580
9841
5374
6769
4032
5101
50
9958
5521
8268
519
6972
2283
7802
7240
7839
8405
8470
8299
9736
8228
8124
9441
6632
368
2805
8305
7248
5185
6888
4274
742
9934
2695
8328
7455
394
122
5278
2966
2894
4264
9933
640
1687
6097
8458
8770
6395
6533
4235
9063
1883
3435
4409
2655
793
8536
8280
454
9976
5418
3773
6210
228
7578
7707
5622
292
4195
949
7630
8559
1078
9933
8796
7961
3263
3419
5447
558
5174
7651
795
4971
9521
5882
8768
7332
5648
7399
1216
6669
1861
9084
7389
916
4129
3391
1011
2218
1865
337
8981
3114
5006
4184
7993
7695
9175
7847
7432
8068
6318
2127
785
5251
6863
2916
3567
6173
4090
4635
4384
9962
4016
9367
9621
6610
9263
2620
1841
9280
7897
4410
7946
2747
2434
5975
4444
1487
8836
5714
1563
6474
4761
7444
4167
5553
4865
2702
5739
8890
9406
2954
2019
148
6379
3721
4009
7658
1579
1824
9538
6095
8843
303
6304
1126
5630
5019
8818
3656
1153
9512
9612
8538
1887
2353
5426
2262
8196
6890
6079
1898
4179
2620
9793
6934
3128
1290
769
4038
1646
9682
6764
6857
2287
3524
5594
3121
3921
4029
8787
7218
502
7089
8189
7437
3234
3650
1426
863
6387
1543
5996
5349
3956
5520
2278
1939
7481
9406
2394
4436
9255
3722
208
4048
3027
9175
8545
302
8026
184
9661
3707
7550
1472
4415
8244
1768
596
915
1627
4928
7069
4497
9480
4933
9912
4616
6928
5752
1775
1982
5131
2358
7817
4980
2292
5044
2624
1461
4768
2185
2278
6916
7099
8606
9667
9812
6643
7511
3127
1461
6851
2806
4639
7927
1049
4300
4826
754
2519
148
6720
876
3065
7284
8265
5306
7861
3865
5409
6831
3984
6515
5861
288
6538
6802
2997
4691
3529
8849
9227
4437
9469
3467
302
9369
230
3530
6791
2459
5162
3037
332
7895
9775
5356
6729
3795
6532
3702
8360
3764
227
4234
1040
8772
163
7366
4294
8441
1371
7878
5933
3094
3823
587
9353
5498
2917
2320
2551
2447
1630
2634
5879
7151
326
4946
4911
4756
995
9598
7168
6786
3746
2273
8294
841
5992
8413
715
9881
5294
3588
5248
917
6130
6066
1324
5503
7802
6733
8137
7849
1701
965
7749
1148
8056
1413
6573
939
206
6680
8012
2475
8206
3928
2131
6102
3323
7761
5187
2377
5750
9048
3789
6328
9933
5654
4525
207
8530
9377
4493
371
6802
8235
6356
2391
449
3700
2873
4079
3679
9422
2589
8996
2937
349
9844
4361
4891
7057
9906
699
9524
9218
6432
9150
8327
5552
848
7731
9499
8609
577
2379
8404
960
4067
4172
8634
9294
812
5594
3492
128
7277
3390
5712
1358
7474
3165
2879
7024
5484
6956
6930
5450
6159
9082
4541
8927
3256
1268
4949
7376
2788
4389
1208
949
3777
2506
6578
6473
7485
4354
3198
8319
7826
1246
7101
8971
6555
5121
358
4477
1926
7515
123
966
2871
8462
8660
5198
9429
3879
9814
9086
4528
6088
920
242
3373
6334
1895
4475
26
6813
1470
1619
189
8562
602
5049
8191
1991
3092
1596
8451
838
8711
7287
8030
3325
7867
7872
7114
420
6115
6801
1124
2659
7363
4493
4034
8025
9493
8171
104
4817
734
2534
4193
4147
120
764
9736
9207
1393
1003
1282
1516
7736
6409
3956
5923
3051
3394
896
3557
9740
9586
4731
1451
3627
3580
8941
5438
737
6249
4071
7935
6502
8783
3267
2874
7548
9990
5770
499
4094
2418
4451
1836
873
6519
6242
9363
1411
1949
6227
4293
4943
3108
5566
2671
5447
5435
538
8407
8418
5537
8837
477
3924
9905
5678
6939
1259
6753
957
3098
5643
6529
4897
9506
6082
5899
448
6227
5252
2268
7429
3967
2641
4516
9812
1831
2596
6339
6047
2925
8661
45
559
9843
2873
4518
6673
1137
7654
5903
3837
1280
335
665
4357
5138
8628
2136
3879
9554
2332
8468
6629
8352
9035
5572
8150
994
2600
547
7623
9250
414
9075
8720
9837
6289
1144
4508
310
5782
4670
1403
6485
8113
8453
7404
4826
6698
1522
9722
7735
1610
5998
6259
5651
548
9074
2187
6561
83
465
9023
7267
8111
3080
9486
7671
2764
6801
8940
7831
2806
6068
8043
2136
8400
3451
4891
3336
7634
3036
5146
4380
7908
846
8520
490
2417
3998
2597
9516
2576
2975
1853
9563
3810
1533
7155
7238
990
4869
8852
3156
8451
6843
6863
6143
2382
2920
578
8499
7531
2103
1403
4791
5665
536
6964
9348
71
7927
6851
9839
2832
1029
9510
5541
3246
7234
9456
1863
7530
4634
4020
3899
9192
70
580
3565
1054
3781
9765
5752
831
3786
9354
7498
7398
7260
593
1114
6650
4885
9757
1347
1096
8902
1765
7951
5898
1718
2053
9011
1018
4143
9827
9382
759
1394
3761
7829
1943
5216
4239
9552
5387
8554
1033
5366
7359
2458
8393
8635
2401
569
46
1935
8782
7278
6656
6511
5084
932
4919
3507
3141
1669
6483
9359
5766
7927
6102
1894
1814
7179
1003
425
759
4066
3393
6599
4271
2606
1285
1525
3378
3933
3882
645
6497
647
2003
1506
2641
4391
8361
7707
59
5340
4596
4916
4712
9232
8942
2160
4153
2169
6976
1097
5421
4628
1436
4971
7543
2638
4671
410
4688
8082
5712
7313
5021
4078
7699
4251
86
2570
3464
7292
3676
1594
697
1755
1529
1156
6171
9537
7931
1998
8803
7318
8938
8582
2462
9218
2178
7839
6385
2513
9233
5896
6987
1327
8637
2014
4345
6609
7924
1465
7958
4863
7430
1014
6412
6024
251
7479
9789
4688
8075
5220
2604
9755
6553
3773
4733
9840
1961
8322
5151
7366
3583
1656
6847
6581
7391
9704
7468
1784
1310
1914
2578
7372
7801
9842
1967
2886
8400
7385
7844
8987
5436
7117
3018
2920
598
8960
4138
1040
3952
2616
7828
4611
3738
5356
5451
7097
8403
3203
832
6781
5489
1682
7972
6687
5098
702
6105
1087
8413
1351
3681
5595
2877
1907
3020
1175
3582
5519
1190
8631
9165
4971
2384
7667
9419
9897
3214
1428
2019
2537
5658
7133
7789
4201
4492
1252
9415
7737
5156
6642
7763
6679
8075
3113
9208
8582
870
9471
1868
7782
5522
5694
2558
7782
2666
7333
1764
7382
8584
9847
5501
5461
722
5564
7702
4308
819
4023
9087
536
6111
1158
2395
6135
9833
7894
7944
6481
6356
4290
6255
3327
3049
2100
4419
564
8015
9132
2046
2612
9479
3316
702
4711
3985
4694
6796
518
9685
4548
1916
7726
7524
3972
1344
5613
5161
7183
9195
8381
2823
4771
1626
3316
7306
8405
8419
6156
3825
5142
3110
9864
1465
5510
3567
6341
45
5486
2881
6424
4776
3649
5945
2240
1242
925
458
4893
3272
7043
8282
2727
8407
2416
5563
2484
5656
4050
1774
9832
5346
207
2660
4499
2534
9219
8729
7377
2741
2880
8749
9835
4589
487
711
3816
5363
2382
1890
2835
5951
8347
590
753
4660
646
8715
72
8144
5265
9507
7852
5357
4880
1193
6583
5709
8144
4429
3902
4316
696
5994
731
3159
6535
2874
7922
3550
1036
216
4385
2098
1772
1204
862
6799
6136
1883
6626
3459
89
8071
5749
851
1332
5725
8752
2568
5952
5358
9811
6925
2000
8186
6213
5780
1704
7140
8639
4133
3589
2847
6787
258
6753
1734
7130
2326
1935
4035
8294
4472
619
6426
9996
1889
5268
3078
1080
8638
8135
6974
9596
1085
3430
3001
8152
5577
9940
1340
9548
3169
7560
5591
5033
3659
3135
5609
4826
5195
9912
6131
2945
980
4165
1023
3868
4276
6150
8504
8766
3836
7069
2181
4517
6169
8439
2831
4287
229
2004
2849
880
3633
6689
9885
5124
865
7539
3541
9901
9473
643
6713
2279
8394
3842
1591
3018
9604
1238
793
2177
3605
718
7777
4719
155
2777
8460
6644
4883
2293
8370
4203
4932
9586
980
9906
1360
5259
4975
263
688
5051
7529
7396
726
5621
7690
4901
783
7327
4726
6654
9315
8592
1078
4302
3934
7712
7426
4030
5260
4309
5953
7852
5991
4401
5412
7864
5863
4359
2844
8975
2756
8279
2213
8800
8761
1670
1593
8621
2102
8077
9868
9600
7408
2793
1627
2378
9649
3583
1061
6029
7908
6221
3411
1
4982
7226
5008
7877
9709
6575
1546
3450
8198
5294
9898
2551
7895
3420
5658
7689
3026
9511
4891
1743
8949
6493
4185
6308
2918
3821
1055
6724
2791
2754
3693
943
8208
8790
9316
4674
2817
7454
5745
9797
7899
4130
7213
3322
8997
931
3917
1852
6259
4040
5602
2382
1539
4459
4197
3508
3989
3344
5497
6167
6461
3597
4021
8516
8373
1462
7672
6951
4557
7599
5031
7271
8712
9111
7729
6546
6692
5952
5753
6684
4321
8794
8999
7377
5888
2909
93
8467
4968
1786
6881
8530
3655
3048
4240
4964
8807
9447
6978
7904
7116
6010
6314
6668
5080
9705
1125
7062
602
7672
9356
858
4891
9871
5332
6112
4040
5702
7159
431
800
1627
9097
6948
5416
4680
4737
1232
1202
8039
5207
2751
749
2798
1769
7791
181
7380
4927
6629
4625
9948
9210
1062
4530
9563
1194
9766
5852
5085
2230
9003
2307
5470
6455
8355
5954
444
8976
5809
8888
5022
9004
8676
9385
99
4279
9286
7962
3732
4941
906
3907
1269
8407
25
8360
358
7835
321
4642
6443
2783
4173
132
4835
6563
3334
2435
4243
4910
5617
595
7006
6617
5818
7814
6546
1783
8652
1903
9422
8754
7365
581
5298
4614
1944
524
8429
1306
252
2605
7912
2906
564
8453
4503
5084
1361
4505
8235
1755
2641
7636
7874
4342
163
6619
1643
1025
2389
5900
658
3626
9763
5331
1610
7895
5012
3297
3335
603
2340
4848
1241
7795
1572
4260
6191
8715
9440
9891
2355
576
260
3455
3675
8924
9433
2523
1177
5586
1902
889
996
6219
1861
1145
6550
2021
5055
2315
1723
947
4100
6253
1009
4551
8114
599
2213
6282
424
8326
4673
6746
8552
2884
5511
6360
8010
2505
4992
4207
7110
3906
5915
3850
1248
3738
8926
6413
6465
1660
4979
9065
6182
9630
2738
8136
1160
6877
5544
6173
7612
1156
6143
5208
644
2963
8134
4392
2871
2189
4546
9752
8416
4299
3078
474
514
6054
7830
4152
5180
6061
619
2301
8837
7024
989
4805
2794
2680
7935
821
6818
6920
3330
7138
9706
6553
9390
9626
8191
4128
2686
1437
970
8976
5290
785
3912
8640
4181
6049
1664
3311
8124
1363
3105
4143
5171
8645
8297
6050
8542
1920
5889
1199
4997
5249
5945
6830
7410
2586
3102
2938
6039
5264
3944
3122
6169
7814
5593
6534
3256
4557
2390
2956
5920
4492
6617
978
9886
27
1920
9386
7021
9231
1782
5036
9036
5063
2187
5564
6337
9427
9722
6022
8558
689
6673
8291
5776
8032
6995
8424
5533
7125
6301
137
1679
6120
4863
3793
3296
1956
8827
5282
283
978
6986
9793
9513
2199
8131
6815
188
4319
9942
9111
1437
4903
9789
2900
9583
4740
8568
4407
7517
6901
4877
1369
716
1107
9675
1642
5930
8880
2135
9216
8817
2233
8027
1288
4952
6089
3665
9007
6191
1382
719
1993
8420
3695
1323
4225
2642
6571
1191
2966
6186
6380
6172
7477
165
8074
1222
1707
9375
4721
2955
9232
4581
5136
7788
9589
5771
1191
1067
6656
4496
1203
790
2134
5203
9615
3796
7071
8843
3856
5997
3910
6343
3990
7758
2064
6708
9477
4380
206
8233
9579
7687
4844
3552
7719
4929
4758
4891
1073
1375
5094
3979
6699
8997
718
5519
2692
2048
7382
4518
5744
8124
7751
824
6987
8342
9903
3733
6218
1867
7612
8966
4770
8611
713
5431
4889
5193
8271
6746
5963
6015
8191
2170
5307
4958
1539
1207
2876
4609
4032
9212
2334
70
1749
9526
7816
1073
1258
1980
3652
4711
4721
8453
6589
5736
7099
2039
7403
8530
8937
532
7384
7111
4071
9381
8331
7278
7846
8939
9536
1166
211
3114
3452
2317
2744
3332
4247
4021
4525
6510
7448
6311
8998
473
6104
3417
7086
9183
2831
9649
190
9430
1122
3076
1624
4604
6160
7127
2234
5637
9726
2711
3097
4537
7831
3164
2036
2734
1866
1785
3250
9687
6314
8806
6164
1266
4962
5079
772
8062
2228
68
448
5189
5227
3254
3935
9747
6236
3895
7433
3767
1390
3063
4152
6414
6147
7359
4360
2868
7835
2277
5714
1802
484
5387
8754
1602
670
6903
7343
3522
942
3209
3989
6604
2523
3751
7795
3797
1990
2752
6501
7811
1456
7292
2789
3624
838
5041
312
1839
7897
1319
820
8681
3357
8220
3803
2944
7397
5374
7799
5943
729
1961
4772
2019
9492
89
1775
2061
8401
3747
1837
4618
5021
8313
2004
5183
7778
216
7607
6427
4895
6430
8451
1574
4087
4673
5560
1370
5785
7911
4830
366
1952
9466
3251
5707
6496
7975
4432
1153
558
2268
301
9650
7350
3701
716
2042
8440
6478
4621
4565
7758
1047
3151
8153
3828
9786
5208
6448
5032
7673
5365
3734
653
163
6068
3269
663
6934
9803
3514
9180
2770
9502
8303
8448
816
2830
1207
3231
3493
3365
5030
4008
8200
2552
6283
2547
7507
1793
7660
7030
7005
6998
44
1953
8260
4149
3660
5163
9236
6453
2683
5923
4278
3780
34
8243
8954
1145
3209
4593
4475
814
7406
702
9342
8539
8994
6113
9572
6167
8178
6411
6048
3422
866
159
6909
5927
8224
2486
6212
1252
961
2504
4539
6283
3310
4549
7976
8529
9870
2388
1026
8622
2595
4736
2591
5591
4427
7943
5755
6670
2719
4389
3801
3142
8077
8087
1029
4941
5095
8415
1873
5270
5679
3353
201
7571
9533
4514
9986
1321
713
686
105
9466
1628
6609
1957
5217
6456
8724
7739
6824
5363
8466
3534
3493
3290
4898
5309
4331
8642
8654
1859
3983
4133
3302
3080
996
6350
8843
9791
3733
4538
9911
2041
8888
6938
3400
3527
696
7502
2057
7220
4410
5871
5803
3720
2618
6515
2696
9037
4858
7862
2582
1975
9627
9534
5346
3324
8899
1874
4535
9099
1414
3366
7403
9466
9541
3373
7353
745
9400
5447
3762
4335
7769
1952
6540
6311
4690
6591
298
5072
3370
6010
7910
1169
5673
2226
8348
9409
4410
8554
8272
2780
2469
4451
4095
6402
6471
7463
4653
322
754
2765
7011
507
5423
8595
3551
7818
5602
1733
9956
6549
2476
7844
3808
7230
9359
4186
8910
1419
6879
3463
7850
2542
6665
1418
5377
2598
5120
3410
5974
6381
3587
9309
5796
107
861
6258
4466
4855
3696
5905
4909
6030
6805
487
205
5952
2811
6891
2505
555
3105
9377
3698
4816
9746
4795
1877
3948
246
4256
9565
9934
6033
1524
8200
6124
700
7512
4355
2149
6027
5217
9156
7724
3607
7566
7415
7917
3774
846
1154
9754
1800
1667
2729
9509
5124
9081
1662
5303
9325
7232
9191
8659
3969
1641
6474
7777
5309
6266
7414
9402
9345
4699
5224
3672
2016
6654
1128
8227
9906
4985
1455
6697
4523
438
83
1418
8265
1579
1452
8862
9730
3789
3203
1363
5566
5979
4853
2212
9637
8487
2039
6745
8041
534
9335
9609
2350
1853
7956
640
3728
9836
2770
138
6762
8899
3000
192
5592
1995
7916
1250
8246
4597
540
967
9024
3027
4741
7998
6396
1033
6926
4155
2155
1951
4473
3156
7031
4573
2502
2423
3077
1534
6214
5651
6370
9464
291
7466
242
8810
8488
6436
6861
1399
1417
3989
6701
3591
3257
5056
110
7084
6105
4424
1086
1648
2718
3552
7594
9532
7966
8594
4091
3355
5673
9664
5507
9339
1530
1216
5414
1314
5738
6394
4335
5492
9940
6028
6436
8052
7505
1879
6779
7891
2611
2036
7900
8644
9302
3616
4013
9083
2486
7975
8031
6396
965
2325
9977
2932
9558
249
4185
6723
2091
5828
8064
8036
1487
9259
70
1807
8167
9520
3430
5047
1036
3664
5465
8686
2568
9844
194
9482
9255
5157
9500
2289
7807
9997
4418
166
8970
317
9726
3328
9289
3755
6323
5247
9972
6239
3070
5394
6468
696
6084
1356
4204
766
4431
6967
647
2697
8385
4384
9966
2194
1870
9152
6331
3843
7400
666
9911
9091
5940
1923
4200
4235
3310
3716
8187
9043
6769
2653
7921
1981
6838
4616
8380
1575
6823
7653
68
6283
556
1663
687
7894
390
9409
7907
3283
5362
3694
3550
3747
960
3400
4744
6360
2097
5706
5171
4032
1462
241
3707
1556
2813
3255
3107
7344
2146
2431
4713
569
2823
3650
2214
8826
506
92
3691
1402
8526
6465
6668
9432
3130
3469
747
3773
9634
2749
4682
8794
9978
6177
4333
7108
2636
9313
7897
3819
2896
1877
590
6066
6457
8207
4184
8456
4209
562
3243
4631
2935
7595
6609
789
4295
9506
811
239
76
4742
511
2735
5079
1549
1080
1392
8612
9563
25
7228
1309
4861
4099
1828
7134
602
7123
665
7589
5997
921
3155
5462
4892
6266
9106
3926
8548
1098
3517
6080
1650
6840
4632
790
1550
7223
1234
150
1325
5729
2446
5535
1226
866
9395
8519
8811
6246
9100
7557
5616
3641
1434
8583
3691
2837
6502
7149
6862
4927
6814
2863
4902
7113
352
8535
1227
2767
1540
2645
7240
6039
4714
9246
8768
3271
7615
7862
556
8458
1002
7327
2540
5218
3600
712
3229
6384
9351
7095
4613
5681
2671
5494
4884
4581
9275
2339
8571
788
7850
2306
2908
4581
9557
7700
363
2192
7471
4836
6515
3711
4227
6644
6438
1182
2223
9432
1134
2918
5605
3779
9401
7502
1718
3250
4293
8632
7613
3215
137
8585
7695
6111
5843
7761
5921
1937
9085
5017
2684
6889
3188
9953
9321
3747
4860
5827
7352
3581
2038
9410
6879
4558
8672
4171
7232
227
5578
3669
1505
184
163
4486
4743
3051
2088
8855
621
3345
1365
871
4256
8018
7544
7973
5566
773
2272
920
9535
1041
2057
5336
6989
3926
3509
5311
6431
4604
6140
168
7473
2526
8525
2897
2980
2458
6229
5504
2380
6909
3946
7103
5923
7483
5874
5302
6299
6482
552
7038
6118
2767
8861
3837
1318
3032
5127
464
7749
1822
8420
9219
6970
8205
3113
5022
5295
5327
2723
6007
9223
9628
4776
9135
7357
3791
2052
4120
9900
816
3495
9858
1267
8508
3313
7576
8883
6417
9007
6211
7818
5032
8412
7001
5993
7677
1995
9901
9455
167
7237
7629
8296
9221
7305
6913
962
413
1144
386
7820
491
92
254
9213
9561
9432
2591
7885
4428
3606
1316
2082
2367
1438
2869
7143
3370
8931
2504
6603
3321
6881
7281
1318
5583
9299
3323
5832
1914
2773
6387
4630
5023
6537
2260
1540
7297
100
6035
8252
48
8336
8626
2931
8214
3594
9159
4184
5325
108
5952
52
7761
3213
6138
7387
7279
6554
9720
4022
6581
4989
6811
9526
8299
9062
6770
3174
3424
1356
4551
3674
8419
206
6168
8864
8107
9555
4312
1252
7032
1628
7812
9537
2166
9948
2366
1045
7264
1055
8927
679
5653
3705
4920
5219
1850
9734
6612
8867
3289
1453
6542
9948
3580
7817
1873
6037
2436
7
4154
2777
965
3475
8362
1990
2576
2384
7327
9141
8658
4245
6684
7722
647
1955
6273
7924
8486
508
8398
2463
6502
4699
9749
9788
4285
2786
4401
6503
4232
7245
187
597
1885
776
2020
6132
4989
8951
8312
8162
7974
4654
8284
8092
2727
5550
601
9172
8494
2993
6430
6726
9901
7814
2525
3721
5970
3705
7632
955
4430
9523
2426
1363
7071
8810
3505
7118
60
6755
1224
7347
101
2906
7685
661
7493
8321
2301
9941
8321
4456
4925
1578
10
6401
5422
2334
1434
9308
1982
7226
5024
3361
5620
4081
419
6468
3546
2416
9473
5784
4679
6522
3560
1347
553
3334
8316
3496
5128
7847
1861
3686
5777
9925
3133
3827
4860
5546
8870
9606
1291
1732
3535
7385
3609
5205
4952
6117
7993
6294
5226
2050
3645
8061
4813
1611
789
7987
6182
9879
3231
1685
6028
5537
3346
934
6118
1799
5529
795
3816
1690
3013
3868
2915
3614
2991
3022
6330
7650
8617
5025
3163
4417
919
496
4849
1662
2198
8063
8189
3716
2578
3581
9359
6656
8290
7791
3102
8820
4801
8412
6004
6985
6414
4349
7345
1144
5895
7269
1077
3920
5112
4584
4266
2307
9331
8214
1540
791
7823
7391
4012
7404
4921
5896
9646
9182
881
5916
3980
1130
4155
6484
9670
2856
5271
3891
6747
3973
7049
4902
3061
608
6548
8881
8513
1990
6706
5398
704
5508
2550
6524
5892
8942
9704
4172
999
5497
5376
6976
4379
7631
5724
7647
8862
7784
5032
7688
4494
2276
4193
9715
7417
5947
8026
5148
1148
9014
2430
9772
7609
3622
1957
2980
7996
6536
4910
5940
6307
5314
6968
5148
602
7454
767
7026
3139
992
8560
4038
503
125
8575
4558
4278
6004
4880
5903
2077
6324
34
7770
6972
4355
1116
6193
875
3204
5725
2891
2381
5158
8721
7781
6922
134
5425
1738
77
5273
4906
9733
6556
5171
8903
4004
1213
4617
9246
2063
1472
4563
7462
8269
4949
3493
1852
8776
5499
1129
8645
1472
8823
2957
3798
1523
6079
3820
1397
7255
7819
7213
973
5601
918
8632
6414
9518
6738
904
9721
4702
1430
6419
8469
3067
9577
1594
8651
2516
6074
1666
9504
4847
8587
9607
3550
1208
6155
2365
4882
685
5168
3021
1091
9899
9046
662
9454
1469
6583
8697
2473
6349
4623
891
9086
5594
3152
1958
702
6902
9003
3923
2762
8730
1261
1078
6758
1808
4218
6424
1717
6843
7380
490
7857
1968
1188
3464
3100
4937
1155
8062
2363
8524
7944
7976
73
4906
8430
1870
4253
7622
7580
6177
4358
8029
573
6994
2752
4488
3439
4244
4338
7083
3663
339
3273
9087
5286
5602
921
9266
9866
1491
2564
8461
9020
6903
8546
6411
4363
7283
1709
6545
8105
583
929
3279
4074
9912
4469
7741
2629
3945
4623
5988
9648
1341
1983
3260
8820
7060
3593
9672
8245
3633
7144
8808
3573
1371
7954
6017
5546
5456
1729
9105
2924
2456
4477
1959
1812
1670
8575
8443
7797
481
7527
3611
3711
5038
7382
9369
4403
271
2656
2604
9360
6748
1228
1041
3068
8180
3192
245
9087
5132
362
2828
99
8368
1426
4374
4460
6502
5412
2050
8326
9417
5175
6910
5560
6328
8698
6139
4481
7076
9886
3960
229
7756
7640
156
4167
1980
6850
1353
5092
622
585
697
3611
6286
9654
3977
676
9496
5653
9864
2307
1084
1364
9577
3834
2357
2059
1535
6312
523
7758
277
3256
8809
9723
8851
8676
4906
801
941
4849
7954
4111
1625
2444
9971
1679
2277
1917
6244
8562
1276
6729
3552
6975
5685
6692
7263
4909
8356
1151
3944
5611
9702
9671
9022
7887
4240
3181
30
9438
6027
4923
4128
4071
6257
8224
9222
5746
940
1750
1272
3231
5385
9202
397
5610
1318
6883
1671
2035
1378
535
8463
1909
4426
6535
7067
3460
2181
5570
3564
7616
7345
8095
7235
5468
7432
5159
7145
5849
7598
9031
8786
4079
5609
7734
2006
7738
1347
8595
1834
5004
3574
6826
7463
7852
3240
8869
141
2343
8179
205
6661
8027
70
3726
1233
3945
4442
9573
9828
9003
3093
2165
9267
4553
1088
2184
6337
3950
1987
8118
5402
3514
4134
7727
5639
7390
2754
3449
2225
3546
7252
8289
1905
6907
4030
8869
4767
7975
9116
4332
6055
3133
5473
902
1977
9027
1236
6739
2545
9027
2058
7636
4407
8363
7229
2957
7068
864
3506
5985
9522
2061
3683
4654
7201
3832
3646
7299
1004
614
4544
6410
1654
4954
8478
8110
8105
344
2672
9948
1280
1191
4544
211
7497
4043
4601
7891
7597
5998
1982
472
2651
5744
2210
4644
9882
5083
6140
2445
2116
8151
7573
190
6446
1817
8099
4569
4473
453
7603
751
9539
3284
1864
4052
2521
4448
6639
1461
3339
6317
3895
4300
9761
9275
4342
2816
2446
1212
6107
1854
5027
7218
7425
1470
3988
5584
3149
8378
5682
4226
1608
2838
429
5489
972
6972
2836
8839
6092
8990
377
1074
4824
2260
1277
259
6873
4563
7928
7399
8577
2348
2158
1227
5594
7157
367
4394
4866
8620
2855
9255
8115
1576
8208
5451
8719
5663
9738
2312
6808
8212
268
2319
489
2160
2
9566
3726
2446
9671
8155
1171
8095
3298
4068
2619
6624
3258
6240
1334
9346
1936
7471
1054
134
6579
5892
6937
7615
3425
2354
2497
1170
6968
9971
2650
3486
7425
5552
4321
9732
4025
7086
4073
2380
1630
6447
1089
8063
4671
9144
1826
4893
3885
2806
9547
8998
3403
8590
1826
7350
5926
2392
1271
9986
832
2755
914
337
4791
8575
1025
798
7121
1619
8194
6157
4586
8063
2460
242
3771
2923
9762
4353
3207
4025
6512
2622
3169
3778
4693
8537
2636
2057
4823
8633
6666
2752
8402
226
2241
6923
2668
6394
5470
6364
8048
7816
9651
272
1797
7995
5516
4443
3422
8575
7733
3675
4447
1926
943
5782
761
4110
8546
9646
7917
1443
4947
9220
9985
7734
9052
1430
3231
275
9496
3238
7525
2916
620
6712
8050
5548
8890
3791
154
5461
4749
2501
7501
5460
9502
5320
6988
4927
1059
275
2785
3531
8629
4187
8697
5778
8703
9419
2601
2674
8627
1504
6894
7953
5752
3435
9039
4356
9570
9714
9360
3277
2983
2150
5906
8568
1562
9886
1735
9520
9799
721
3059
2108
8760
6951
7160
4136
4212
7406
1136
2320
9747
3249
5350
6186
8084
8747
947
198
5458
8863
5355
6352
4117
7179
4700
3615
8489
2042
1325
4160
6266
1144
3735
3061
4420
5451
8673
1127
9635
9830
6126
7821
2858
7991
2036
1665
9066
6322
9988
4993
5247
4393
398
6549
3301
4035
9272
1434
1060
9347
4590
3029
3963
4013
5959
7863
555
3244
7026
1216
3996
4337
4979
7542
1560
3946
8595
2287
6081
2935
2048
8679
5068
9322
8105
5971
3603
398
9071
2145
4958
7172
8383
5331
6181
1224
8745
3320
712
1526
8278
8997
7514
5834
2125
4198
3191
211
3173
5992
441
6625
336
1995
2184
1659
5352
4654
6487
3070
3077
5720
1260
9574
5639
5288
9597
3196
6319
4233
7952
4928
9574
8650
1599
3221
694
540
5121
7745
365
2677
8202
8463
2163
7344
5291
2951
3128
9370
604
1385
1009
5896
9507
5401
6406
1737
7385
8556
5503
3300
7211
1475
9154
4010
9593
4075
4828
1816
5477
7223
2401
1420
4559
3602
8017
8398
9189
2930
7436
1813
7925
1467
3553
8502
23
2847
4490
3125
9483
26
7239
3132
7633
4761
2350
7536
9604
4080
9834
7394
8020
3150
5717
9760
2481
3457
6686
1368
14
5020
7401
8866
4682
1899
2857
2813
2119
3820
3451
6146
4628
1840
9691
1666
9812
4805
4324
1249
3924
3820
8772
6058
5574
8891
7480
7637
4506
1349
4365
255
9317
4623
5492
944
3071
1459
8523
1480
1138
6049
4729
3287
2756
9787
7437
9282
8161
7883
8166
6942
65
9253
1270
3460
108
9673
5747
7643
4658
4338
4964
3230
2418
818
5719
1138
5920
4356
5799
5029
9128
4611
3045
6893
9492
5733
9157
9695
8324
831
1343
55
5708
8727
1285
1761
5820
3214
5116
216
9064
1394
3718
6257
366
6154
4736
2860
4136
9881
1542
3627
7197
8384
7578
236
4689
9264
6158
5337
8670
1968
9789
8152
3499
4327
3052
6490
8116
7755
8385
2997
8617
3407
927
4825
3105
6914
4810
3153
8790
6962
8852
7596
1154
9299
3670
325
118
1801
7320
143
8158
6666
1505
9741
8769
9857
1180
9105
7329
3460
7120
3807
5859
3368
5438
4479
5211
9836
4222
2458
9966
8744
6590
6107
6285
6683
1139
5751
287
9200
47
3383
1434
6258
5652
500
2827
9952
3794
2205
7204
5038
1765
3161
8495
3518
2964
4127
5285
4567
801
7757
1901
1737
405
1318
8672
7834
7440
3966
531
1358
1921
828
3160
9548
5794
2704
504
7114
3135
7667
3432
2474
7623
7216
5058
4807
137
8960
986
4718
4357
7967
8445
6315
282
6901
3167
4308
3621
9813
6016
5629
8093
7306
6249
6859
5118
5338
7028
8319
5188
2488
7659
7184
1374
8358
2559
2759
4693
1234
9243
6095
1072
4895
7812
3857
8395
8974
8066
7904
8355
8743
8674
8709
7437
9182
2369
1471
4963
9487
525
9904
2534
9224
2121
3857
8382
1144
4210
3237
6583
2787
4343
6102
4149
2367
6436
793
2038
4863
6055
2978
2118
7061
6324
8246
8754
6043
3627
3147
9639
240
9039
2910
6870
4486
8129
6520
7362
9869
3046
4368
2549
1932
485
1011
8433
3614
1823
2845
240
5396
1056
5073
5988
4956
7067
1704
1679
5516
5407
1287
3851
3636
3936
5319
9081
6468
6082
8773
1345
4913
547
1715
8521
8432
5950
4759
3889
1685
8406
7462
7103
4503
744
8396
1130
8391
1011
1014
9515
234
7313
5564
9377
4488
7502
771
9285
712
4447
811
6016
4916
5222
2072
2189
9081
7215
9256
6637
7020
9512
3339
4946
6890
8032
8469
3043
3347
7185
389
3583
8769
5981
5997
8425
5232
2476
4673
4173
5505
7634
4280
9131
5177
6587
8216
5513
6820
7598
7783
3992
5666
8226
9988
6053
5686
3765
593
551
9653
3559
1740
771
3324
3419
9686
6385
1204
3183
3537
3787
6686
6044
1132
4463
2924
8649
9458
5718
5009
9693
7347
3742
5030
6141
361
750
4930
903
6302
3956
3213
8662
1747
2215
8289
516
7412
6117
4917
5937
1250
8544
4871
1546
951
2128
3183
6670
5955
796
3486
4520
8725
3625
8803
826
9437
1111
7797
6804
8444
5118
706
334
5977
6867
182
3233
5240
5657
7160
2609
8559
3696
9323
8776
6430
3904
5267
1871
806
9822
2425
2239
9747
7429
253
1684
2047
5117
2443
3752
5397
919
4556
76
1923
6954
1067
3267
8111
3650
8591
1299
8359
5533
1064
7384
2044
6776
7155
9438
3854
825
5198
689
2778
9827
6343
5380
707
5574
4250
6887
1237
9564
5705
3757
3268
9328
8648
1951
8047
4356
7318
7607
9265
4221
1176
9782
1640
5978
4779
8087
2022
8624
9378
4670
2681
2659
5794
2260
2311
4293
7672
9765
8446
5045
5994
1109
7971
240
9229
3225
747
3444
356
3797
1958
6648
327
5446
3155
9333
7872
2150
9154
1220
888
142
8743
1668
8489
4253
5790
2476
4308
1881
9184
5365
6672
1254
1957
7914
9417
131
7953
2407
8178
2240
3285
3603
1003
7164
848
7580
7397
3207
1562
6609
3440
5352
5921
7717
5796
6879
2047
9511
7979
991
548
3764
7522
606
761
6560
2505
9224
4581
8244
3551
5126
8219
1094
6622
5251
944
9048
1258
7799
4279
6096
307
3479
1008
7007
2485
5260
5385
2621
3995
9351
7214
1579
6181
3946
218
7963
8401
8626
6662
2056
240
8710
7008
3890
6594
6577
8045
1018
762
5804
7919
1627
1251
1631
8636
2510
909
6837
9444
2949
7354
2470
3752
3079
7319
9596
5426
8234
4381
9274
4270
1273
3696
8286
1335
6281
7348
8936
1969
7865
7035
2444
4778
9557
9954
5655
1226
8915
5138
1861
3819
6658
4991
1840
9560
8408
3423
2416
473
3683
5927
2836
557
9952
1915
8667
8810
8555
9023
8871
2613
1310
7104
5016
2602
7501
7712
6647
5228
5423
727
2907
6740
8344
4883
2970
1350
4251
8789
9960
1470
7066
189
9830
3369
5743
5546
963
2811
154
4777
5494
7072
3339
3630
8811
2997
6449
8232
5360
6633
9287
9892
158
106
6134
1602
1931
2902
5585
404
1055
6292
4758
8864
4346
164
5319
2551
3746
3701
1309
3700
468
7778
6387
4582
4528
1596
8008
2376
9230
622
43
1183
7494
8072
2902
3536
9073
3805
34
7606
4108
9947
536
2692
7338
8242
1272
7820
4105
6350
3455
6325
9505
1647
4972
6879
2750
8704
9565
7398
2306
4764
8245
910
9886
3492
847
338
3295
7314
1356
1065
4683
3392
7192
6373
5457
518
7927
1953
68
2801
709
411
1830
5077
7637
9730
7783
1105
9839
7455
401
5574
174
8853
6425
8710
7251
7917
7728
8697
3150
422
1815
368
7469
8995
1100
3390
9462
9796
428
7857
6335
8181
4089
4254
1045
7470
8169
6272
1729
2079
6191
5334
5908
5500
3392
7836
4564
6887
6597
5326
6673
2781
6945
389
4330
1721
3433
2704
5706
8745
6025
8856
1169
3177
8027
7619
3983
982
2243
3709
4694
8277
9306
8217
2432
9426
4511
2600
6274
5360
3632
8269
7508
2625
2536
2576
1720
3493
506
4054
972
4339
5363
1214
7466
4041
2213
9499
5831
8086
4709
4675
1953
2608
982
7716
5105
8099
3181
4709
5882
2449
1836
5659
9769
4233
1438
543
8629
6832
799
5453
3896
97
6948
614
8355
5535
1857
6535
3440
513
8516
1646
2625
234
4682
3083
5316
3006
3778
4209
6649
704
9339
1835
3297
8685
1150
1695
2665
6252
484
1742
2969
7
4126
5295
8117
8575
4417
7168
1804
8106
1481
6206
6545
8764
280
2225
6582
9144
10000
9980
6687
7871
2924
9478
8517
7214
8164
7037
452
9060
4324
1181
9767
466
7483
8301
9908
9286
5542
362
7524
2771
1561
1505
4716
9972
3272
4242
9893
4063
664
4998
6118
8827
3309
8814
5769
3393
6467
5229
5544
3857
3742
9537
290
1434
915
8227
967
9449
3121
9409
2494
2319
5417
190
7118
6967
1928
8856
3196
2478
7325
4865
721
5363
3188
6336
7515
3155
7389
6817
4937
7360
7797
4043
9281
2448
9767
9397
2797
8586
3132
3875
6892
8455
6675
1415
827
1362
501
3851
356
7194
1989
4470
3658
7082
5821
7637
8736
376
4565
8791
7981
5722
3730
5086
8967
6509
6957
2537
5176
9144
2277
3007
4719
4607
9585
2516
3325
2172
8695
9853
7371
2089
3833
7862
1222
4955
8127
7626
1687
3024
8037
5676
4939
7443
3048
9817
6383
8459
3325
3574
3119
9851
5615
1951
4978
8881
1542
1060
8634
6759
7608
9282
228
7536
3980
3134
6513
3891
9517
5941
6633
6842
9326
7060
9083
7598
8458
9427
6662
4525
6466
9521
7365
5971
1648
7742
9497
8655
8330
9204
8202
6264
7714
7173
3156
6
9456
2973
6165
7249
3541
6931
8552
3348
7540
1760
7241
3551
8978
8187
4885
7319
7326
38
9386
4770
2164
1500
5359
1222
2174
120
5943
4122
169
7459
9783
728
9844
7968
3859
7358
9852
9163
7586
47
7052
295
6702
4594
7764
7462
5879
5939
6739
9275
2317
9743
4644
6938
7936
2306
9093
4426
1326
8447
7706
1552
1656
6947
9742
8691
3734
4267
6945
9718
7073
3228
6665
5948
6818
1846
2643
8432
5172
4864
6908
2483
7350
3439
8669
2381
4112
7380
3574
3745
465
9340
3755
3019
515
3853
845
1364
8343
7995
8322
1485
8790
307
4727
7339
3388
3421
5651
2807
4826
2552
6748
2690
8655
7510
7990
3433
3490
9691
6819
4292
5349
9571
5198
6652
7996
3302
4811
7377
6659
1219
5221
6783
490
8972
5010
7802
5488
4421
3710
4225
3680
7911
7761
1046
5734
4974
7263
6644
5022
8627
8333
8796
4196
7580
6175
729
8267
251
3863
1217
9281
5229
7472
1044
2637
6137
5472
5687
980
4313
1826
4584
4418
4140
8074
6027
7225
8599
489
7366
2362
446
4861
2574
374
9881
8037
2099
4278
475
2419
3223
8898
6247
1417
4359
2384
6391
1168
929
3449
3706
6772
5523
101
2802
6695
3142
3892
9871
8676
4095
8446
418
9316
9275
460
5603
9090
295
4953
4012
5723
5643
1686
977
4773
7928
2931
6808
2831
4663
7687
3691
4090
4387
2005
2161
5634
9990
4236
4354
5675
5338
3383
4594
2010
6189
1318
6943
344
7117
258
9542
8601
3059
7133
4135
1316
7030
9986
8426
2555
7202
3973
3513
2484
7945
6444
1630
4789
6425
669
1952
3036
5750
3043
3307
2396
4133
708
5673
2720
4658
5849
441
7501
7307
9567
2652
279
22
1769
2181
7095
1294
2613
5117
4454
6332
853
4830
5081
8208
1449
1609
6657
647
475
3269
66
5640
6930
7888
3033
5664
2197
3894
2700
6289
9071
4395
3165
846
5916
3921
9858
7339
4954
5226
9421
4318
9560
9196
1164
6124
55
4060
2700
7724
7317
1739
4561
6426
6755
6259
2183
8785
5468
3487
8053
3646
5937
7644
4616
4383
979
6480
3546
4553
9020
9378
4962
1893
2262
1584
2451
3147
9680
7089
3710
6031
5233
6732
3384
4379
5893
3812
2817
1840
836
8576
20
2218
4130
7595
1573
5429
5163
252
2388
5329
158
2817
824
